FastN
0.000000 0.010685
1.000000 0.010685
2.000000 0.010685
3.000000 0.010685
4.000000 0.010685
5.000000 0.010685
6.000000 0.010685
7.000000 0.010685
8.000000 0.010685
9.000000 0.010685
10.000000 0.010685
11.000000 0.014729
12.000000 0.022091
13.000000 0.026080
14.000000 0.032162
15.000000 0.034420
16.000000 0.023579
17.000000 0.010314
18.000000 0.004677
19.000000 0.004639
20.000000 0.004358
21.000000 0.003222
22.000000 0.002810
23.000000 0.002952
24.000000 0.002347
25.000000 0.001789
26.000000 0.001571
27.000000 0.000912
28.000000 0.000313
29.000000 0.000324
30.000000 0.000260
31.000000 0.000260
32.000000 0.000260
33.000000 0.000260
34.000000 0.000260
35.000000 0.000260
36.000000 0.000260
37.000000 0.000260
38.000000 0.000260
39.000000 0.000260
40.000000 0.000260
41.000000 0.000260
42.000000 0.000260
43.000000 0.000260
44.000000 0.000260
45.000000 0.000260
46.000000 0.000260
47.000000 0.000260
48.000000 0.000260
49.000000 0.000260
50.000000 0.000260
51.000000 0.000260
52.000000 0.000260
53.000000 0.000260
54.000000 0.000260
55.000000 0.000260
56.000000 0.000260
57.000000 0.000260
58.000000 0.000260
59.000000 0.000260
60.000000 0.000260
61.000000 0.000260
62.000000 0.000260
63.000000 0.000260
64.000000 0.000260
65.000000 0.000260
66.000000 0.000260
67.000000 0.000260
68.000000 0.000260
69.000000 0.000260
70.000000 0.000260
71.000000 0.000260
72.000000 0.000260
73.000000 0.000260
74.000000 0.000260
75.000000 0.000260
76.000000 0.000260
77.000000 0.000260
78.000000 0.000260
79.000000 0.000260
80.000000 0.000260
81.000000 0.000260
82.000000 0.000260
83.000000 0.000260
84.000000 0.000260
85.000000 0.000260
86.000000 0.000260
87.000000 0.000260
88.000000 0.000260
89.000000 0.000260
90.000000 0.000260
91.000000 0.000260
92.000000 0.000260
93.000000 0.000260
94.000000 0.000260
95.000000 0.000260
96.000000 0.000260
97.000000 0.000260
98.000000 0.000260
99.000000 0.000260
CC
0.000000 0.000000
1.000000 0.000000
2.000000 0.000000
3.000000 0.000216
4.000000 0.000487
5.000000 0.000928
6.000000 0.001573
7.000000 0.002448
8.000000 0.003576
9.000000 0.004979
10.000000 0.006676
11.000000 0.009489
12.000000 0.013898
13.000000 0.019109
14.000000 0.025067
15.000000 0.031748
16.000000 0.039052
17.000000 0.046947
18.000000 0.055401
19.000000 0.064374
20.000000 0.073986
21.000000 0.083964
22.000000 0.094296
23.000000 0.104887
24.000000 0.115737
25.000000 0.127196
26.000000 0.138767
27.000000 0.150176
28.000000 0.161671
29.000000 0.173342
30.000000 0.185308
31.000000 0.197089
32.000000 0.208576
33.000000 0.220303
34.000000 0.231950
35.000000 0.242698
36.000000 0.252748
37.000000 0.262792
38.000000 0.272821
39.000000 0.281303
40.000000 0.288044
41.000000 0.294418
42.000000 0.300454
43.000000 0.306019
44.000000 0.310091
45.000000 0.312690
46.000000 0.314728
47.000000 0.316189
48.000000 0.317060
49.000000 0.317956
50.000000 0.319239
51.000000 0.320331
52.000000 0.320909
53.000000 0.320962
54.000000 0.320482
55.000000 0.320781
56.000000 0.323059
57.000000 0.326126
58.000000 0.328908
59.000000 0.331397
60.000000 0.333590
61.000000 0.335482
62.000000 0.338135
63.000000 0.342101
64.000000 0.346387
65.000000 0.350511
66.000000 0.354469
67.000000 0.358260
68.000000 0.361879
69.000000 0.365324
70.000000 0.368949
71.000000 0.372772
72.000000 0.376449
73.000000 0.379976
74.000000 0.383348
75.000000 0.386564
76.000000 0.389622
77.000000 0.392522
78.000000 0.395345
79.000000 0.398257
80.000000 0.401182
81.000000 0.403959
82.000000 0.406588
83.000000 0.409067
84.000000 0.411396
85.000000 0.413573
86.000000 0.415597
87.000000 0.417467
88.000000 0.419396
89.000000 0.421503
90.000000 0.423586
91.000000 0.425531
92.000000 0.427340
93.000000 0.429010
94.000000 0.430543
95.000000 0.431936
96.000000 0.433189
97.000000 0.434303
98.000000 0.435276
99.000000 0.000000
NC C11 only
0.000000 0.045720
1.000000 0.043041
2.000000 0.047376
3.000000 0.053509
4.000000 0.062094
5.000000 0.068675
6.000000 0.065993
7.000000 0.062379
8.000000 0.060269
9.000000 0.060453
10.000000 0.060338
11.000000 0.082551
12.000000 0.124101
13.000000 0.146900
14.000000 0.176178
15.000000 0.183816
16.000000 0.118655
17.000000 0.048155
18.000000 0.020584
19.000000 0.019519
20.000000 0.017490
21.000000 0.012332
22.000000 0.010320
23.000000 0.010346
24.000000 0.007874
25.000000 0.005686
26.000000 0.004780
27.000000 0.002638
28.000000 0.000869
29.000000 0.000853
30.000000 0.000655
31.000000 0.000627
32.000000 0.000602
33.000000 0.000575
34.000000 0.000558
35.000000 0.000530
36.000000 0.000508
37.000000 0.000488
38.000000 0.000470
39.000000 0.000453
40.000000 0.000438
41.000000 0.000419
42.000000 0.000407
43.000000 0.000395
44.000000 0.000382
45.000000 0.000375
46.000000 0.000361
47.000000 0.000354
48.000000 0.000343
49.000000 0.000333
50.000000 0.000319
51.000000 0.000313
52.000000 0.000305
53.000000 0.000296
54.000000 0.000289
55.000000 0.000280
56.000000 0.000272
57.000000 0.000266
58.000000 0.000260
59.000000 0.000253
60.000000 0.000246
61.000000 0.000241
62.000000 0.000235
63.000000 0.000227
64.000000 0.000224
65.000000 0.000219
66.000000 0.000214
67.000000 0.000209
68.000000 0.000206
69.000000 0.000199
70.000000 0.000196
71.000000 0.000193
72.000000 0.000187
73.000000 0.000184
74.000000 0.000179
75.000000 0.000176
76.000000 0.000172
77.000000 0.000170
78.000000 0.000167
79.000000 0.000162
80.000000 0.000158
81.000000 0.000153
82.000000 0.000153
83.000000 0.000150
84.000000 0.000147
85.000000 0.000144
86.000000 0.000138
87.000000 0.000137
88.000000 0.000134
89.000000 0.000131
90.000000 0.000129
91.000000 0.000128
92.000000 0.000124
93.000000 0.000122
94.000000 0.000119
95.000000 0.000118
96.000000 0.000113
97.000000 0.000112
98.000000 0.000109
99.000000 0.000105
NC No C11
0.000000 0.030637
1.000000 0.012899
2.000000 0.014965
3.000000 0.017648
4.000000 0.020055
5.000000 0.023108
6.000000 0.026091
7.000000 0.027998
8.000000 0.029077
9.000000 0.030096
10.000000 0.030668
11.000000 0.049306
12.000000 0.069809
13.000000 0.075483
14.000000 0.111950
15.000000 0.137424
16.000000 0.104304
17.000000 0.065128
18.000000 0.047866
19.000000 0.043804
20.000000 0.040215
21.000000 0.043927
22.000000 0.037212
23.000000 0.019350
24.000000 0.013466
25.000000 0.012981
26.000000 0.012279
27.000000 0.011586
28.000000 0.008686
29.000000 0.006486
30.000000 0.008039
31.000000 0.007840
32.000000 0.007596
33.000000 0.007375
34.000000 0.007245
35.000000 0.007045
36.000000 0.006802
37.000000 0.006589
38.000000 0.006482
39.000000 0.006287
40.000000 0.006124
41.000000 0.005955
42.000000 0.005796
43.000000 0.005623
44.000000 0.005451
45.000000 0.005363
46.000000 0.005226
47.000000 0.005083
48.000000 0.004982
49.000000 0.004878
50.000000 0.004750
51.000000 0.004641
52.000000 0.004496
53.000000 0.004412
54.000000 0.004321
55.000000 0.004236
56.000000 0.004125
57.000000 0.004086
58.000000 0.003983
59.000000 0.003904
60.000000 0.003872
61.000000 0.003800
62.000000 0.003686
63.000000 0.003638
64.000000 0.003532
65.000000 0.003469
66.000000 0.003399
67.000000 0.003352
68.000000 0.003282
69.000000 0.003209
70.000000 0.003168
71.000000 0.003114
72.000000 0.003053
73.000000 0.003000
74.000000 0.002936
75.000000 0.002894
76.000000 0.002876
77.000000 0.002832
78.000000 0.002775
79.000000 0.002729
80.000000 0.002689
81.000000 0.002599
82.000000 0.002564
83.000000 0.002536
84.000000 0.002494
85.000000 0.002472
86.000000 0.002429
87.000000 0.002389
88.000000 0.002329
89.000000 0.002296
90.000000 0.002277
91.000000 0.002234
92.000000 0.002210
93.000000 0.002148
94.000000 0.002124
95.000000 0.002090
96.000000 0.002060
97.000000 0.002037
98.000000 0.002025
99.000000 0.002000
