0.1	0.0071934283996649175
0.2	0.027804139359012176
0.30000000000000004	0.060389628189575544
0.4	0.1035333929814709
0.5	0.1558570479271441
0.6	0.21603142281298698
0.7000000000000001	0.28278639248140397
0.8	0.354919241404779
0.9	0.4313014355179593
1.	0.5108837413860968
1.1	0.5926996972942552
1.2000000000000002	0.6758674983500463
1.3000000000000003	0.7595904055998365
1.4000000000000001	0.8431558259627001
1.5000000000000002	0.9259332350124727
1.6	1.0073711287103315
1.7000000000000002	1.0869931942213669
1.8000000000000003	1.164393885510814
1.9000000000000001	1.2392335783173734
2.	1.3112334631938467
2.1	1.3801703163341215
2.2	1.4458712674067309
2.3000000000000003	1.5082086628586175
2.4000000000000004	1.5670951031221556
2.5000000000000004	1.6224787135600411
2.6	1.6743386922727967
2.7	1.722681163317704
2.8000000000000003	1.7675353515234655
2.9000000000000004	1.8089500848828646
3.0000000000000004	1.8469906223256987
3.1	1.8817357983602707
3.2	1.9132754712567748
3.3000000000000003	1.9417082582393765
3.4000000000000004	1.967139538817748
3.5000000000000004	1.989679706224299
3.6	2.0094426463964346
3.7	2.0265444240325676
3.8000000000000003	2.0411021557749662
3.9000000000000004	2.053233051414631
4.	2.063053605073538
4.1	2.0706789195170954
4.2	2.0762221480211562
4.3	2.079794039514153
4.3999999999999995	2.081502573998952
4.5	2.081452676503943
4.6	2.07974599899978
4.7	2.076480760834675
4.8	2.071751639279978
4.9	2.065649702735355
5.	2.0582623800187703
5.1	2.049673459962292
5.2	2.03996311625341
5.3	2.0292079531074108
5.4	2.0174810679339203
5.5	2.0048521276751767
5.6	1.9913874559500357
5.7	1.97715012854133
5.8	1.9622000751198558
5.9	1.946594185410816
6.	1.930386418282261
6.1	1.913627912474239
6.2	1.896367097895672
6.3	1.8786498065968853
6.4	1.8605193826825008
6.5	1.842016790564728
6.6	1.8231807210736655
6.7	1.8040476950412991
6.8	1.784652164061435
6.9	1.765026608200778
7.	1.745201630498262
7.1	1.7252060481420959
7.2	1.7050669802579022
7.3	1.6848099322781678
7.4	1.6644588768936723
7.5	1.644036331612722
7.6	1.62356343297448
7.7	1.603060007479219
7.8	1.582544639311394
7.9	1.5620347349416572
8.	1.541546584701641
8.1	1.5210954214309815
8.2	1.5006954762999258
8.3	1.4803600319132433
8.4	1.4601014728023305
8.5	1.439931333412504
8.6	1.419860343691792
8.7	1.3998984723861165
8.8	1.3800549681438103
8.9	1.3603383985300326
9.	1.3407566870489032
9.1	1.3213171482682078
9.2	1.3020265211383517
9.3	1.282891000593903
9.4	1.2639162675227416
9.5	1.2451075171843553
9.6	1.2264694861554448
9.700000000000001	1.2080064778775526
9.8	1.189722386878125
9.9	1.171620721733079
10.	1.153704626835771
10.1	1.1359769030341174
10.200000000000001	1.1184398604703885
10.3	1.1010960059601123
10.4	1.0839470544391479
10.5	1.0669946183012933
10.6	1.0502402134537312
10.700000000000001	1.0336846367302965
10.8	1.0173289394194505
10.9	1.0011737992051857
11.	0.985219693805923
11.1	0.9694669130783254
11.200000000000001	0.9539155704929981
11.3	0.9385656140147127
11.4	0.9234168364180544
11.5	0.9084688850677494
11.6	0.8937212711913358
11.700000000000001	0.8791733786703726
11.8	0.8648244723749732
11.9	0.8506737060651091
12.	0.8367201298808895
12.1	0.8229626974428204
12.200000000000001	0.8094002725819275
12.3	0.7960316357185683
12.4	0.7828554899077611
12.5	0.7698704665678948
12.6	0.7570751309088122
12.700000000000001	0.7444679870744028
12.8	0.7320474830140415
12.9	0.7198120150964654
13.	0.7077599324789723
13.1	0.695889541244133
13.200000000000001	0.6841991083156087
13.3	0.6726868651640368
13.4	0.6613510113133948
13.5	0.650189717657724
13.6	0.6392011295975771
13.700000000000001	0.6283833700050869
13.8	0.6177345420332659
13.9	0.6072527317455918
14.	0.5969360106242425
14.1	0.5867824379375667
14.200000000000001	0.5767900629611448
14.3	0.5669569270777235
14.4	0.557281065756676
14.5	0.5477605104188893
14.6	0.5383932901926904
14.700000000000001	0.5291774335661416
14.8	0.5201109699407873
14.9	0.5111919310916725
15.	0.5024183525382365
15.1	0.4937882748304481
15.200000000000001	0.4852997447543497
15.3	0.4769508164609672
15.4	0.46873955252237076
15.5	0.4606640249184651
15.6	0.45272231595794676
15.700000000000001	0.44491251913667756
15.8	0.4372327399365895
15.9	0.4296810965680739
16.	0.4222557206586805
16.1	0.4149547578908134
16.200000000000003	0.4077763685909834
16.3	0.40071872827306115
16.400000000000002	0.3937800281378602
16.500000000000004	0.38695847553126533
16.6	0.380252294363028
16.700000000000003	0.37365972548823806
16.8	0.36717902705340677
16.900000000000002	0.3608084748089822
17.000000000000004	0.35454636239005843
17.1	0.3483910015669385
17.200000000000003	0.34234072246714203
17.3	0.33639387377038243
17.400000000000002	0.33054882287794607
17.500000000000004	0.324803956057868
17.6	0.3191576785672067
17.700000000000003	0.31360841475268064
17.8	0.30815460813085743
17.900000000000002	0.3027947214490401
18.000000000000004	0.2975272367279316
18.1	0.2923506552871227
18.200000000000003	0.28726349775438087
18.3	0.2822643040596941
18.400000000000002	0.27735163341495345
18.500000000000004	0.27252406428014564
18.6	0.2677801943168566
18.700000000000003	0.2631186403298714
18.8	0.25853803819761134
18.900000000000002	0.25403704279210576
19.000000000000004	0.24961432788918111
19.1	0.2452685860694955
19.200000000000003	0.24099852861103765
19.300000000000004	0.2368028853736637
19.400000000000002	0.2326804046762266
19.500000000000004	0.228629853166822
19.6	0.22465001568665224
19.700000000000003	0.22073969512798047
19.800000000000004	0.21689771228663132
19.900000000000002	0.2131229057094636
20.000000000000004	0.20941413153722607
20.1	0.20577026334318488
20.200000000000003	0.20219019196788848
20.300000000000004	0.1986728253504246
20.400000000000002	0.19521708835649718
20.500000000000004	0.19182192260364248
20.6	0.18848628628388206
20.700000000000003	0.18520915398409568
20.800000000000004	0.1819895165043858
20.900000000000002	0.17882638067468626
21.000000000000004	0.175718769169857
21.1	0.1726657203234965
21.200000000000003	0.16966628794068178
21.300000000000004	0.16671954110984882
21.400000000000002	0.1638245640139999
21.500000000000004	0.1609804557414232
21.6	0.1581863300960991
21.700000000000003	0.15544131540795117
21.800000000000004	0.1527445543431006
21.900000000000002	0.1500952037142631
22.000000000000004	0.1474924342914298
22.1	0.14493543061295464
22.200000000000003	0.14242339079717362
22.300000000000004	0.13995552635466368
22.400000000000002	0.13753106200125215
22.500000000000004	0.13514923547187035
22.6	0.13280929733534996
22.700000000000003	0.13051051081024295
22.800000000000004	0.12825215158175127
22.900000000000002	0.1260335076198374
23.000000000000004	0.1238538789985876
23.1	0.12171257771689437
23.200000000000003	0.11960892752051487
23.300000000000004	0.11754226372556477
23.400000000000002	0.11551193304349551
23.500000000000004	0.11351729340760572
23.6	0.11155771380112746
23.700000000000003	0.10963257408692817
23.800000000000004	0.10774126483886445
23.900000000000002	0.10588318717482088
24.000000000000004	0.10405775258658782
24.1	0.10226438279594782
24.200000000000003	0.10050250956339794
24.300000000000004	0.09877157454798209
24.400000000000002	0.097071029144167
24.500000000000004	0.09540033432550826
24.6	0.09375896049015324
24.700000000000003	0.09214638730818572
24.800000000000004	0.0905621035708283
24.900000000000002	0.08900560704150452
25.000000000000004	0.08747640430876968
25.1	0.0859740106411132
25.200000000000003	0.08449794984363454
25.300000000000004	0.08304775411659301
25.400000000000002	0.08162296391583203
25.500000000000004	0.08022312781507379
25.6	0.07884780237008202
25.700000000000003	0.07749655198468788
25.800000000000004	0.07616894877867271
25.900000000000002	0.0748645724575014
26.000000000000004	0.07358301018389674
26.1	0.0723238564512489
26.200000000000003	0.07108671295884586
26.300000000000004	0.06987118848891916
26.400000000000002	0.06867689878548862
26.500000000000004	0.06750346643499767
26.6	0.06635052074872455
26.700000000000003	0.0652176976469564
26.800000000000004	0.06410463954491218
26.900000000000002	0.06301099524040021
27.000000000000004	0.06193641980319497
27.1	0.060880574466117394
27.200000000000003	0.05984312651780382
27.300000000000004	0.05882374919714615
27.400000000000002	0.05782212158938765
27.500000000000004	0.056837928523855934
27.6	0.055870860473318795
27.700000000000003	0.0549206134549417
27.800000000000004	0.053986888932832884
27.900000000000002	0.05306939372215546
28.000000000000004	0.052167839894790236
28.1	0.05128194468653038
28.200000000000003	0.05041143040578974
28.300000000000004	0.04955602434380636
28.400000000000002	0.04871545868632313
28.500000000000004	0.047889470426726304
28.6	0.047077801280624235
28.700000000000003	0.04628019760184685
28.800000000000004	0.045496410299847787
28.900000000000002	0.04472619475849067
29.000000000000004	0.04396931075619997
29.1	0.04322552238745975
29.200000000000003	0.04249459798563927
29.300000000000004	0.04177631004712977
29.400000000000002	0.04107043515677128
29.500000000000004	0.04037675391455336
29.6	0.03969505086357028
29.700000000000003	0.03902511441921278
29.800000000000004	0.03836673679957869
29.900000000000002	0.03771971395708376
30.000000000000004	0.0370838455112559
30.1	0.03645893468269416
30.200000000000003	0.03584478822817535
30.300000000000004	0.035241216376891045
30.400000000000002	0.034648032767797564
30.500000000000004	0.03406505438806114
30.6	0.03349210151258283
30.700000000000003	0.0329289976445844
30.800000000000004	0.0323755694572406
30.900000000000002	0.03183164673633932
31.000000000000004	0.031297062323954926
31.1	0.03077165206311766
31.200000000000003	0.03025525474346362
31.300000000000004	0.029747712047849074
31.400000000000002	0.029248868499914
31.500000000000004	0.028758571412579023
31.6	0.028276670837460532
31.700000000000003	0.027803019515189105
31.800000000000004	0.027337472826616114
31.900000000000002	0.026879888744893946
32.	0.026430127788414994
32.1	0.02598805297459576
32.2	0.025553529774491032
32.300000000000004	0.025126426068224916
32.400000000000006	0.02470661210122441
32.5	0.024293960441242164
32.6	0.02388834593615496
32.7	0.023489645672524942
32.800000000000004	0.02309773893490979
32.900000000000006	0.022712507165909872
33.	0.022333833926939276
33.1	0.021961604859707922
33.2	0.02159570764840322
33.300000000000004	0.02123603198255826
33.400000000000006	0.02088246952059541
33.5	0.020534913854032714
33.6	0.020193260472342118
33.7	0.019857406728448015
33.800000000000004	0.019527251804854533
33.900000000000006	0.019202696680390662
34.	0.01888364409756252
34.1	0.018569998530501657
34.2	0.018261666153499227
34.300000000000004	0.017958554810115164
34.400000000000006	0.017660573982852486
34.5	0.017367634763386697
34.6	0.01707964982333983
34.7	0.016796533385590222
34.800000000000004	0.016518201196107616
34.900000000000006	0.016244570496304817
35.	0.015975559995895987
35.1	0.015711089846253065
35.2	0.015451081614250902
35.300000000000004	0.015195458256592565
35.400000000000006	0.014944144094605745
35.5	0.014697064789502265
35.6	0.014454147318091803
35.7	0.014215319948942002
35.800000000000004	0.013980512218976386
35.900000000000006	0.013749654910502587
36.	0.013522680028662767
36.1	0.013299520779298503
36.2	0.013080111547222814
36.300000000000004	0.012864387874891614
36.400000000000006	0.012652286441467516
36.5	0.012443745042268542
36.6	0.012238702568594958
36.7	0.012037098987927135
36.800000000000004	0.011838875324487687
36.900000000000006	0.011643973640161068
37.	0.011452337015764282
37.1	0.01126390953266197
37.2	0.011078636254719878
37.300000000000004	0.010896463210590039
37.400000000000006	0.01071733737632189
37.5	0.010541206658293301
37.6	0.010368019876455218
37.7	0.010197726747884718
37.800000000000004	0.010030277870640288
37.900000000000006	0.009865624707914005
38.	0.009703719572474928
38.1	0.00954451561139853
38.2	0.009387966791076709
38.300000000000004	0.00923402788250326
38.400000000000006	0.00908265444682958
38.50000000000001	0.008933802821185773
38.6	0.008787430104762153
38.7	0.008643494145146166
38.800000000000004	0.008501953524910297
38.900000000000006	0.008362767548445987
39.00000000000001	0.008225896229039242
39.1	0.00809130027618321
39.2	0.007958941083123498
39.300000000000004	0.007828780714631892
39.400000000000006	0.0077007818950041475
39.50000000000001	0.0075749079962776425
39.6	0.007451123026665018
39.7	0.007329391619199542
39.800000000000004	0.007209679020588484
39.900000000000006	0.007091951080270334
40.00000000000001	0.006976174239672434
40.1	0.0068623155216650175
40.2	0.006750342520208055
40.300000000000004	0.006640223390187462
40.400000000000006	0.0065319268374369275
40.50000000000001	0.006425422108942098
40.6	0.006320678983223566
40.7	0.006217667760895449
40.800000000000004	0.006116359255396251
40.900000000000006	0.00601672478388881
41.00000000000001	0.005918736158326095
41.1	0.005822365676679944
41.2	0.005727586114329502
41.300000000000004	0.005634370715606621
41.400000000000006	0.005542693185495038
41.50000000000001	0.005452527681480673
41.6	0.005363848805550211
41.7	0.005276631596335029
41.800000000000004	0.005190851521398046
41.900000000000006	0.005106484469660608
42.00000000000001	0.005023506743966927
42.1	0.004941895053783444
42.2	0.004861626508030654
42.300000000000004	0.004782678608044959
42.400000000000006	0.004705029240668063
42.50000000000001	0.004628656671461543
42.6	0.00455353953804436
42.7	0.004479656843550905
42.800000000000004	0.004406987950207492
42.900000000000006	0.004335512573024906
43.00000000000001	0.004265210773605032
43.1	0.004196062954059377
43.2	0.004128049851037355
43.300000000000004	0.004061152529862432
43.400000000000006	0.00399535237877398
43.50000000000001	0.003930631103273037
43.6	0.003866970720569893
43.7	0.0038043535541317382
43.800000000000004	0.0037427622283284713
43.900000000000006	0.0036821796631748777
44.00000000000001	0.0036225890691673054
44.1	0.003563973942213247
44.2	0.0035063180586519587
44.300000000000004	0.003449605470364566
44.400000000000006	0.003393820499971868
44.50000000000001	0.003338947736118333
44.6	0.0032849720288406787
44.7	0.0032318784850193724
44.800000000000004	0.003179652463911691
44.900000000000006	0.003128279572764686
45.00000000000001	0.0030777456625066943
45.1	0.0030280368235158428
45.2	0.002979139381464221
45.300000000000004	0.0029310398932363
45.400000000000006	0.0028837251429202114
45.50000000000001	0.002837182137870547
45.6	0.0027914010567243477
45.7	0.0027463633435310312
45.800000000000004	0.0027020569361381483
45.900000000000006	0.0026584753171245558
46.00000000000001	0.0026156036961898755
46.1	0.002573430341450097
46.2	0.002531943718622999
46.300000000000004	0.0024911324876179812
46.400000000000006	0.0024509854991863933
46.50000000000001	0.0024114917916313676
46.6	0.0023726405875759506
46.7	0.0023344212907885843
46.800000000000004	0.002296823483064812
46.900000000000006	0.0022598369211642142
47.00000000000001	0.002223451533801541
47.1	0.002187657418691093
47.2	0.002152444839643328
47.300000000000004	0.0021178042237128087
47.400000000000006	0.002083726158396483
47.50000000000001	0.0020502013888814194
47.6	0.0020172208153411203
47.7	0.001984775490279465
47.800000000000004	0.0019528566159214872
47.900000000000006	0.001921455541650083
48.00000000000001	0.001890563761487854
48.1	0.001860172911623219
48.2	0.001830274767980057
48.300000000000004	0.001800861243830038
48.400000000000006	0.001771924387446892
48.50000000000001	0.0017434563798018293
48.6	0.0017154495322994365
48.7	0.0016878962845532197
48.800000000000004	0.0016607892022001758
48.900000000000006	0.0016341209747535832
49.00000000000001	0.0016078844134934374
49.1	0.0015820724493937515
49.2	0.0015566781310861046
49.300000000000004	0.001531694622858792
49.400000000000006	0.001507115202690916
49.50000000000001	0.0014829332603207863
49.6	0.001459142295348019
49.7	0.0014357359153687433
49.800000000000004	0.0014127078341433022
49.900000000000006	0.0013900518697958606
50.00000000000001	0.0013677619430453548
50.1	0.001345832075467237
50.2	0.001324256387785428
50.300000000000004	0.001303029098193979
50.400000000000006	0.0012821445207078547
50.50000000000001	0.001261597063542387
50.6	0.0012413812275208242
50.7	0.0012214916045094944
50.800000000000004	0.0012019228758801109
50.900000000000006	0.00118266981099871
51.00000000000001	0.0011637272657407452
51.1	0.001145090181031882
51.2	0.0011267535814140355
51.300000000000004	0.0011087125736362019
51.400000000000006	0.001090962345269626
51.50000000000001	0.0010734981633468803
51.6	0.0010563153730244585
51.7	0.0010394093962684068
51.800000000000004	0.0010227757305626506
51.900000000000006	0.0010064099476395452
52.00000000000001	0.000990307692232324
52.1	0.0009744646808490055
52.2	0.0009588767005673923
52.300000000000004	0.0009435396078508044
52.400000000000006	0.0009284493273841671
52.50000000000001	0.000913601850930085
52.6	0.0008989932362045601
52.7	0.0008846196057720113
52.800000000000004	0.0008704771459592442
52.900000000000006	0.0008565621057880369
53.00000000000001	0.0008428707959260152
53.1	0.0008293995876555095
53.2	0.000816144911860041
53.300000000000004	0.0008031032580281736
53.400000000000006	0.0007902711732743754
53.50000000000001	0.0007776452613766424
53.6	0.0007652221818305438
53.7	0.0007529986489194267
53.800000000000004	0.0007409714308004898
53.900000000000006	0.0007291373486064558
54.00000000000001	0.0007174932755625449
54.1	0.0007060361361185082
54.2	0.0006947629050954435
54.300000000000004	0.0006836706068471382
54.400000000000006	0.0006727563144356847
54.50000000000001	0.0006620171488211093
54.6	0.0006514502780647949
54.7	0.0006410529165464217
54.800000000000004	0.0006308223241942278
54.900000000000006	0.0006207558057283158
55.00000000000001	0.0006108507099168219
55.1	0.0006011044288446839
55.2	0.0005915143971948154
55.300000000000004	0.0005820780915414557
55.400000000000006	0.0005727930296554958
55.50000000000001	0.0005636567698215579
55.6	0.00055466691016663
55.7	0.0005458211783644996
55.800000000000004	0.000537117066236153
55.900000000000006	0.0005285522973991233
56.00000000000001	0.0005201247937102703
56.1	0.0005118322557571966
56.2	0.0005036725072448132
56.300000000000004	0.0004956434073280307
56.400000000000006	0.000487742850025905
56.50000000000001	0.00047996876364567604
56.6	0.0004723191102164955
56.7	0.00046479188493269336
56.800000000000004	0.00045738511560641646
56.900000000000006	0.000450096862129479
57.00000000000001	0.0004429252159442582
57.1	0.00043586829952348155
57.2	0.00042892426585876384
57.300000000000004	0.00042209129795772927
57.400000000000006	0.00041536760834957675
57.50000000000001	0.0004087514385989374
57.6	0.0004022410588278994
57.7	0.00039583476724603175
57.800000000000004	0.00038953088968829994
57.900000000000006	0.0003833277791607086
58.00000000000001	0.0003772238153935658
58.1	0.0003712174044022189
58.2	0.0003653069780551381
58.300000000000004	0.00035949099364923235
58.400000000000006	0.0003537679334922591
58.50000000000001	0.0003481363044922169
58.6	0.00034259463775359255
58.7	0.0003371414881803572
58.800000000000004	0.0003317754340855867
58.900000000000006	0.0003264950768075941
59.00000000000001	0.00032129904033246625
59.1	0.0003161859709228972
59.2	0.00031115453675320125
59.300000000000004	0.000306203427550414
59.400000000000006	0.0003013313542413639
59.50000000000001	0.00029653704860562575
59.6	0.0002918192629342437
59.7	0.00028717676969413513
59.800000000000004	0.0002826083611980732
59.900000000000006	0.00027811284928015885
60.00000000000001	0.00027368906497668015
60.1	0.0002693358582122756
60.2	0.0002650520974913081
60.300000000000004	0.00026083666959436435
60.400000000000006	0.0002566884792797851
60.50000000000001	0.000252606448990148
60.6	0.0002485895185636205
60.7	0.0002446366449500903
60.800000000000004	0.00024074680193200722
60.900000000000006	0.00023691897984984026
61.00000000000001	0.00023315218533208866
61.1	0.00022944544102975506
61.2	0.0002257977853552153
61.300000000000004	0.00022220827222540663
61.400000000000006	0.00021867597080926302
61.50000000000001	0.00021519996527932418
61.6	0.0002117793545674473
61.7	0.000208413252124557
61.800000000000004	0.00020510078568436116
61.900000000000006	0.00020184109703096635
62.00000000000001	0.0001986333417703276
62.1	0.00019547668910547031
62.2	0.00019237032161541613
62.300000000000004	0.00018931343503775705
62.400000000000006	0.00018630523805480774
62.50000000000001	0.00018334495208328612
62.6	0.00018043181106745378
62.7	0.00017756506127566396
62.800000000000004	0.00017474396110025783
62.900000000000006	0.00017196778082107504
63.00000000000001	0.00016923580257225827
63.1	0.00016654731990873746
63.2	0.00016390163778280046
63.300000000000004	0.00016129807231850382
63.400000000000006	0.00015873595063051462
63.50000000000001	0.00015621461064592665
63.6	0.00015373340092900695
63.7	0.00015129168050881188
63.800000000000004	0.00014888881870963938
63.900000000000006	0.0001465241949842556
64.	0.00014419719874986267
64.1	0.00014190722922675103
64.2	0.0001396536952795987
64.3	0.00013743601526137168
64.39999999999999	0.0001352536168597781
64.5	0.00013310593694624003
64.6	0.00013099242142733804
64.7	0.00012891252509868298
64.8	0.00012686571150118494
64.89999999999999	0.00012485145277966764
65.	0.00012286922954379904
65.1	0.00012091853073129397
65.2	0.000118998853473352
65.3	0.00011710970296229672
65.39999999999999	0.00011525059232137318
65.5	0.0001134210424766759
65.6	0.00011162058203116575
65.7	0.00010984874714074303
65.8	0.000108105081392345
65.89999999999999	0.00010638913568402932
66.	0.00010470046810701537
66.1	0.00010303864382965026
66.2	0.00010140323498326183
66.3	0.00009979382054987769
66.39999999999999	0.00009820998625176956
66.5	0.00009665132444279921
66.6	0.00009511743400153358
66.7	0.00009360792022609918
66.8	0.00009212239473074997
66.89999999999999	0.00009066047534411638
67.	0.0000892217860091112
67.1	0.00008780595668446416
67.2	0.00008641262324785598
67.3	0.0000850414274006298
67.39999999999999	0.00008369201657404873
67.5	0.0000823640438370794
67.6	0.00008105716780567317
67.7	0.00007977105255351902
67.8	0.00007850536752424926
67.89999999999999	0.00007725978744506765
68.	0.00007603399224178142
68.1	0.00007482766695521205
68.2	0.00007364050165896122
68.3	0.0000724721913785131
68.39999999999999	0.00007132243601164555
68.5	0.00007019094025013492
68.6	0.00006907741350272867
68.7	0.0000679815698193662
68.8	0.000066903127816629
68.89999999999999	0.00006584181060439721
69.	0.00006479734571369505
69.1	0.00006376946502570543
69.2	0.00006275790470193179
69.3	0.00006176240511549315
69.39999999999999	0.000060782710783528974
69.5	0.000059818570300699415
69.6	0.000058869736273760806
69.7	0.000057935965257198796
69.8	0.00005701701768990448
69.89999999999999	0.000056112657832871517
70.	0.00005522265370790289
70.1	0.000054346777037307644
70.2	0.00005348480318457126
70.3	0.00005263651109598608
70.39999999999999	0.0000518016832432233
70.5	0.00005098010556683318
70.6	0.00005017156742065811
70.7	0.00004937586151714147
70.8	0.00004859278387352117
70.89999999999999	0.00004782213375889039
71.	0.000047063713642113014
71.1	0.000046317329140579535
71.2	0.000045582788969788825
71.3	0.00004485990489374428
71.39999999999999	0.00004414849167614822
71.5	0.000043448367032384494
71.6	0.00004275935158227472
71.7	0.00004208126880359539
71.8	0.00004141394498634483
71.89999999999999	0.00004075720918774634
72.	0.00004011089318797622
72.1	0.0000394748314466058
72.2	0.000038848861059743036
72.3	0.00003823282171786611
72.39999999999999	0.000037626555664334405
72.5	0.00003702990765456802
72.6	0.00003644272491588411
72.7	0.00003586485710797921
72.8	0.00003529615628404724
72.89999999999999	0.000034736476852523716
73.	0.000034185675539444166
73.1	0.000033643611351408756
73.2	0.00003311014553914155
73.3	0.000032585141561636376
73.39999999999999	0.0000320684650508783
73.5	0.000031559983777132376
73.6	0.00003105956761479061
73.7	0.0000305670885087663
73.8	0.00003008242044142986
73.89999999999999	0.00002960543940007431
74.	0.000029136023344904142
74.1	0.000028674052177537915
74.2	0.000028219407710016188
74.3	0.00002777197363430777
74.39999999999999	0.000027331635492304257
74.5	0.000026898280646297145
74.6	0.00002647179824992824
74.7	0.000026052079219605882
74.8	0.00002563901620638023
74.89999999999999	0.00002523250356826916
75.	0.000024832437343028216
75.1	0.000024438715221357503
75.2	0.000024051236520537206
75.3	0.000023669902158486977
75.39999999999999	0.00002329461462824018
75.5	0.000022925277972827663
75.6	0.00002256179776056407
75.7	0.000022204081060729777
75.8	0.00002185203641964302
75.89999999999999	0.000021505573837114526
76.	0.000021164604743279968
76.1	0.000020829041975803255
76.2	0.000020498799757444625
76.3	0.000020173793673988277
76.39999999999999	0.000019853940652523062
76.5	0.000019539158940070883
76.6	0.000019229368082557708
76.7	0.00001892448890412002
76.8	0.000018624443486743616
76.9	0.000018329155150227288
77.	0.000018038548432467665
77.1	0.00001775254907005893
77.2	0.00001747108397920327
77.3	0.000017194081236926466
77.4	0.00001692147006259368
77.5	0.000016653180799721197
77.6	0.00001638914489807852
77.7	0.00001612929489607701
77.8	0.000015873564403439792
77.9	0.000015621888084148574
78.	0.0000153742016396634
78.1	0.000015130441792409968
78.2	0.000014890546269531271
78.3	0.000014654453786898715
78.4	0.00001442210403337838
78.5	0.000014193437655349107
78.6	0.000013968396241467376
78.7	0.000013746922307675708
78.8	0.000013528959282450683
78.9	0.00001331445149228596
79.	0.000013103344147407635
79.1	0.00001289558332771726
79.2	0.00001269111596895944
79.3	0.000012489889849110226
79.4	0.000012291853574982519
79.5	0.000012096956569045674
79.6	0.000011905149056454822
79.7	0.000011716382052287684
79.8	0.000011530607348984784
79.9	0.000011347777503989913
80.	0.000011167845827588072
80.1	0.000010990766370937027
80.2	0.000010816493914289938
80.3	0.000010644983955405982
80.4	0.000010476192698145283
80.5	0.00001031007704124626
80.6	0.000010146594567281455
80.7	9.985703531789685e-6
80.8	9.827362852581417e-6
80.9	9.671532099214407e-6
81.	9.518171482637417e-6
81.1	9.367241844998609e-6
81.2	9.21870464961661e-6
81.3	9.072521971111354e-6
81.4	8.928656485692013e-6
81.5	8.787071461599876e-6
81.6	8.64773074970331e-6
81.7	8.510598774242599e-6
81.8	8.37564052372234e-6
81.9	8.242821541948574e-6
82.	8.112107919209049e-6
82.1	7.983466283593601e-6
82.2	7.856863792453005e-6
82.3	7.732268123993688e-6
82.4	7.609647469006252e-6
82.5	7.488970522725848e-6
82.6	7.370206476821891e-6
82.7	7.253325011515454e-6
82.8	7.138296287822142e-6
82.9	7.0250909399182855e-6
83.	6.913680067628829e-6
83.1	6.804035229034542e-6
83.2	6.696128433197073e-6
83.3	6.589932132999725e-6
83.4	6.485419218101956e-6
83.5	6.382563008006285e-6
83.6	6.281337245235201e-6
83.7	6.181716088616844e-6
83.8	6.083674106677364e-6
83.9	5.9871862711383805e-6
84.	5.892227950518011e-6
84.1	5.798774903833435e-6
84.2	5.7068032744038144e-6
84.3	5.616289583751691e-6
84.4	5.527210725601314e-6
84.5	5.439543959972509e-6
84.6	5.3532669073683284e-6
84.7	5.2683575430551775e-6
84.8	5.184794191433952e-6
84.9	5.102555520500457e-6
85.	5.0216205363941e-6
85.1	4.9419685780330855e-6
85.2	4.863579311834963e-6
85.3	4.7864327265210624e-6
85.4	4.710509128003471e-6
85.5	4.635789134353365e-6
85.6	4.5622536708491355e-6
85.7	4.4898839651033644e-6
85.8	4.418661542267169e-6
85.9	4.348568220310688e-6
86.	4.2795861053786995e-6
86.1	4.21169758721983e-6
86.2	4.144885334688536e-6
86.3	4.0791322913185225e-6
86.4	4.0144216709663495e-6
86.5	3.950736953524425e-6
86.6	3.888061880701912e-6
86.7	3.8263804518727995e-6
86.8	3.7656769199898262e-6
86.9	3.705935787563293e-6
87.	3.6471418027038247e-6
87.1	3.5892799552278323e-6
87.2	3.5323354728249508e-6
87.3	3.4762938172862747e-6
87.4	3.4211406807924556e-6
87.5	3.3668619822608144e-6
87.6	3.3134438637503563e-6
87.7	3.260872686923918e-6
87.8	3.2091350295665154e-6
87.9	3.158217682158832e-6
88.	3.1081076445052646e-6
88.1	3.0587921224153437e-6
88.2	3.0102585244379466e-6
88.3	2.9624944586472967e-6
88.4	2.9154877294799396e-6
88.5	2.8692263346220182e-6
88.6	2.8236984619458224e-6
88.7	2.7788924864950643e-6
88.8	2.7347969675179595e-6
88.9	2.6914006455473373e-6
89.	2.6486924395271945e-6
89.1	2.6066614439847215e-6
89.2	2.5652969262472945e-6
89.3	2.5245883237036083e-6
89.4	2.4845252411081852e-6
89.5	2.4450974479287804e-6
89.6	2.4062948757357518e-6
89.7	2.368107615632918e-6
89.8	2.330525915729163e-6
89.9	2.293540178650109e-6
90.	2.2571409590893306e-6
90.1	2.221318961398342e-6
90.2	2.186065037214853e-6
90.3	2.1513701831286573e-6
90.4	2.1172255383844894e-6
90.5	2.083622382621381e-6
90.6	2.0505521336478097e-6
90.7	2.018006345252181e-6
90.8	1.985976705048025e-6
90.9	1.9544550323533216e-6
91.	1.9234332761035376e-6
91.1	1.8929035127976723e-6
91.2	1.8628579444769417e-6
91.3	1.833288896735482e-6
91.4	1.804188816762587e-6
91.5	1.7755502714160451e-6
91.6	1.747365945325933e-6
91.7	1.7196286390285586e-6
91.8	1.6923312671299572e-6
91.9	1.6654668564984904e-6
92.	1.6390285444861384e-6
92.1	1.6130095771779463e-6
92.2	1.5874033076692544e-6
92.3	1.562203194370251e-6
92.4	1.5374027993373488e-6
92.5	1.5129957866310788e-6
92.6	1.488975920699961e-6
92.7	1.4653370647900327e-6
92.8	1.4420731793795692e-6
92.9	1.4191783206386072e-6
93.	1.3966466389129275e-6
93.1	1.3744723772319977e-6
93.2	1.3526498698406352e-6
93.3	1.3311735407539025e-6
93.4	1.310037902334906e-6
93.5	1.2892375538951663e-6
93.6	1.2687671803171325e-6
93.7	1.2486215506985506e-6
93.8	1.2287955170183255e-6
93.9	1.2092840128234886e-6
94.	1.1900820519370167e-6
94.1	1.171184727186098e-6
94.2	1.1525872091505705e-6
94.3	1.134284744931187e-6
94.4	1.1162726569373859e-6
94.5	1.0985463416943114e-6
94.6	1.0811012686686724e-6
94.7	1.063932979113279e-6
94.8	1.047037084929831e-6
94.9	1.0304092675497584e-6
95.	1.0140452768327855e-6
95.1	9.979409299829412e-7
95.2	9.820921104817496e-7
95.3	9.66494767038341e-7
95.4	9.5114491255615e-7
95.5	9.360386231160441e-7
95.6	9.211720369755206e-7
95.7	9.065413535837732e-7
95.8	8.92142832612375e-7
95.9	8.779727930012907e-7
96.	8.640276120200421e-7
96.1	8.503037243437015e-7
96.2	8.367976211435604e-7
96.3	8.235058491921872e-7
96.4	8.104250099826627e-7
96.5	7.975517588617845e-7
96.6	7.848828041769718e-7
96.7	7.724149064367131e-7
96.8	7.601448774843119e-7
96.9	7.480695796846923e-7
97.	7.36185925124127e-7
97.1	7.244908748226091e-7
97.2	7.129814379587206e-7
97.3	7.016546711067755e-7
97.4	6.905076774860325e-7
97.5	6.795376062218268e-7
97.6	6.68741651618379e-7
97.7	6.581170524431391e-7
97.8	6.47661091222463e-7
97.9	6.373710935484403e-7
98.	6.272444273967155e-7
98.1	6.172785024550912e-7
98.2	6.074707694627842e-7
98.3	5.978187195601525e-7
98.4	5.883198836486954e-7
98.5	5.789718317612151e-7
98.6	5.697721724419505e-7
98.7	5.607185521365126e-7
98.8	5.518086545915128e-7
98.9	5.430402002636607e-7
99.	5.344109457382595e-7
99.1	5.259186831568862e-7
99.2	5.175612396541412e-7
99.3	5.093364768033326e-7
99.4	5.012422900709171e-7
99.5	4.932766082796075e-7
99.6	4.854373930799547e-7
99.7	4.777226384303217e-7
99.8	4.7013037008508897e-7
99.9	4.6265864509095376e-7
100.	4.553055512912201e-7
